500 5000 35 400
338 373 54
183 499 47
12 388 25
48 45 26
143 53 42
308 386 33
74 219 69
338 494 40
398 279 37
219 48 73
34 268 14
414 260 87
78 45 79
317 327 70
83 160 88
248 456 88
160 114 86
60 176 72
416 40 85
164 233 56
414 381 52
409 37 38
139 176 22
289 349 35
127 58 72
305 330 23
272 153 34
208 397 54
189 118 15
395 223 42
39 359 70
422 97 56
331 467 22
485 153 67
344 177 84
261 408 69
25 168 59
252 359 98
453 349 15
23 472 11
413 398 47
317 461 53
91 118 18
110 131 29
22 18 39
402 10 52
351 459 57
217 230 68
443 169 12
379 413 58
57 362 55
43 427 23
282 480 75
202 191 70
274 67 92
191 298 41
320 183 3
191 69 63
182 249 48
88 62 54
382 14 42
285 81 37
499 306 69
259 65 20
341 363 94
451 6 23
220 73 73
239 86 64
299 137 60
211 24 9
91 373 95
53 81 91
480 185 20
130 301 5
383 481 52
9 11 62
253 142 4
132 81 76
426 299 8
137 196 1
150 135 72
408 430 78
260 266 59
153 140 6
171 194 80
283 435 58
405 132 12
350 196 75
295 260 61
262 312 8
451 19 85
285 215 41
68 446 4
62 143 34
213 312 41
415 446 4
456 447 95
60 218 68
62 35 18
102 336 84
165 392 19
431 282 93
164 167 59
384 436 31
263 146 61
53 336 67
326 202 33
236 164 69
497 205 98
428 334 85
190 462 88
41 339 18
228 165 16
236 285 1
81 411 85
106 175 22
279 103 39
91 52 28
432 116 53
462 224 93
178 465 32
386 350 25
353 173 49
298 237 48
163 49 33
27 417 52
85 358 38
145 409 67
425 463 51
418 460 29
214 135 32
291 355 86
18 196 40
119 248 42
344 366 34
256 253 8
80 27 37
395 304 41
477 77 98
383 415 2
171 7 66
33 302 92
98 202 31
412 69 61
202 259 57
147 323 94
40 197 73
26 33 6
227 23 84
213 125 100
195 256 70
336 195 42
396 246 83
88 130 100
313 477 25
354 249 6
338 12 43
197 36 36
343 127 46
475 246 46
460 123 61
248 203 82
244 498 32
495 80 57
101 449 22
54 374 79
155 197 48
480 482 32
26 46 61
328 88 67
487 377 72
179 261 95
132 149 91
151 162 18
467 139 72
155 318 74
180 82 57
359 313 98
405 200 55
349 268 84
495 93 8
305 198 89
109 323 98
250 33 82
411 99 79
232 393 30
268 50 34
455 142 75
23 219 45
162 334 89
32 224 73
150 445 84
117 39 23
125 388 35
245 453 91
83 162 24
399 102 10
282 456 27
263 214 55
430 327 62
189 120 55
399 115 61
184 163 63
459 102 46
492 50 75
175 114 57
400 461 44
496 169 85
224 235 24
22 20 34
316 238 88
402 241 96
175 464 17
147 136 81
188 174 81
375 0 83
378 5 57
116 5 85
420 416 46
217 353 26
170 241 44
15 367 55
12 69 71
358 477 20
228 367 20
190 75 39
429 357 48
322 2 62
181 26 95
382 16 28
280 5 88
40 252 72
329 126 68
61 82 51
429 249 76
189 496 13
137 306 100
63 128 81
285 204 90
496 424 12
389 298 93
174 373 60
199 137 41
182 493 78
297 480 2
415 435 90
47 39 7
150 137 63
389 419 23
282 27 11
394 268 21
493 247 10
327 443 85
368 252 44
13 24 78
385 155 71
202 448 98
150 29 97
241 147 32
447 481 89
93 397 48
13 145 22
44 212 48
51 171 3
271 440 23
338 201 24
351 140 62
190 451 32
14 225 10
303 99 74
327 456 50
289 164 55
456 341 100
146 381 53
454 268 79
183 448 52
219 105 72
16 42 26
428 215 53
340 102 51
495 390 45
132 338 26
462 213 81
453 164 57
136 228 24
208 333 70
464 30 77
139 233 7
87 43 30
421 333 4
186 170 93
310 236 27
423 113 28
243 182 11
210 5 80
316 401 33
457 111 68
187 287 31
99 174 1
406 65 68
304 283 19
223 65 25
44 359 53
481 360 85
71 462 62
291 465 18
425 465 46
203 352 31
263 403 36
417 52 53
344 476 75
366 6 70
80 137 60
319 419 23
368 52 93
423 476 46
193 428 4
12 124 39
429 412 72
47 81 43
198 250 87
332 250 7
63 62 31
445 127 56
101 317 76
257 76 2
241 68 76
168 263 56
498 138 64
368 65 79
256 497 32
286 376 60
104 76 18
216 317 34
257 318 93
232 261 39
294 92 45
445 490 60
398 149 27
466 320 41
137 495 42
481 39 85
16 205 14
169 218 8
350 495 74
23 100 81
231 49 10
267 497 88
220 385 95
324 213 58
76 111 66
213 382 47
207 42 49
212 157 64
5 352 16
462 39 70
25 38 23
420 42 33
43 55 88
102 406 13
437 396 86
440 401 35
217 329 52
21 454 15
131 60 57
97 183 30
243 237 19
113 393 58
420 55 100
189 122 89
106 353 54
6 415 70
177 4 46
373 64 60
244 179 49
115 65 74
353 351 24
168 305 91
209 114 40
57 245 89
464 340 28
194 479 100
376 227 44
207 189 41
251 232 35
438 58 29
383 122 50
140 364 51
200 415 85
253 12 25
59 412 91
403 185 78
334 351 55
67 7 54
182 482 5
195 421 53
468 287 7
385 23 43
436 483 36
183 74 12
184 420 51
285 206 60
403 198 52
134 10 24
237 431 46
262 195 66
280 249 71
431 381 49
164 37 100
288 369 34
293 447 69
347 424 3
292 488 57
70 375 95
364 327 3
437 317 48
253 496 47
79 380 90
338 311 27
434 19 45
67 491 45
62 147 56
494 329 100
414 306 49
438 434 89
60 222 98
473 391 36
435 99 46
156 455 62
233 150 37
333 88 69
417 496 3
62 39 83
47 404 91
358 37 59
96 37 80
402 43 49
164 171 8
423 102 9
144 458 19
474 333 35
42 447 2
476 379 99
201 211 77
483 45 58
395 161 39
268 120 23
106 58 72
235 172 20
495 284 95
286 110 7
217 276 74
310 467 6
222 354 7
497 330 19
309 279 96
395 53 30
345 461 22
138 397 92
311 59 74
476 392 14
388 279 56
319 179 72
15 182 16
279 228 46
380 280 83
210 357 69
11 413 36
298 362 27
251 287 26
58 121 77
341 180 24
346 295 66
184 233 58
73 365 90
436 188 76
482 304 6
341 301 74
0 8 46
184 354 85
63 64 75
82 77 77
106 434 49
183 129 5
441 424 38
466 188 59
144 137 51
46 245 13
192 70 75
285 32 44
155 417 70
394 204 16
287 78 51
168 386 56
179 481 60
63 306 65
178 27 83
269 145 45
475 250 13
265 440 61
342 135 70
455 12 47
171 24 13
391 256 23
418 130 57
179 373 90
225 489 38
239 158 65
82 440 30
393 73 56
477 444 64
150 86 36
141 495 78
111 94 99
349 151 49
54 499 93
310 159 8
222 46 54
254 35 85
185 164 48
468 489 45
266 274 30
374 36 87
254 385 52
440 282 4
159 269 4
263 326 86
296 274 68
404 36 80
287 454 90
221 100 27
59 38 30
298 283 99
335 350 14
261 172 21
489 265 9
379 393 56
219 175 74
401 152 87
112 49 11
108 280 53
94 116 74
228 345 43
2 298 76
98 6 38
115 175 13
455 280 96
326 395 64
298 296 38
243 360 5
36 296 2
396 50 47
135 130 74
267 57 61
368 109 92
24 70 39
10 135 87
274 181 2
100 65 6
265 132 76
350 176 94
179 294 72
4 478 69
274 73 84
58 189 96
70 14 100
383 245 28
350 297 25
307 371 38
348 143 18
177 261 40
1 449 51
255 302 12
463 480 21
40 377 20
309 13 57
433 308 84
218 154 26
460 182 6
47 272 36
162 259 10
294 149 86
491 434 21
494 439 30
53 208 19
414 187 85
364 329 60
234 256 19
275 257 74
151 450 94
238 375 24
356 101 15
56 334 38
92 28 2
50 31 17
270 34 46
280 493 70
84 29 51
122 55 52
495 273 84
426 439 66
159 324 89
297 150 10
423 225 31
106 289 87
276 212 51
36 230 95
449 399 76
360 61 58
103 405 25
106 410 84
180 396 51
105 222 33
377 415 43
369 2 64
319 410 51
340 469 46
496 228 27
207 125 41
386 356 53
168 133 33
448 416 35
286 125 88
487 115 98
189 421 90
395 297 85
362 120 26
320 123 93
195 357 66
80 141 62
281 131 45
415 131 63
420 475 69
327 247 12
198 133 54
65 18 90
151 21 40
216 416 51
54 354 86
417 177 95
381 254 47
279 472 89
246 66 21
341 303 47
162 72 46
258 305 79
334 300 23
325 480 55
314 321 76
14 29 47
275 70 4
454 301 9
179 133 91
255 357 58
47 327 61
332 496 80
280 306 48
384 134 1
208 137 49
153 201 35
442 75 53
306 443 30
19 386 10
388 81 75
393 196 51
269 389 13
403 389 60
117 32 53
172 456 70
208 150 58
180 88 2
14 284 92
437 387 12
363 438 5
435 48 5
247 263 72
272 27 46
425 269 90
392 92 16
15 105 19
235 108 36
251 89 46
203 277 76
409 382 95
69 462 50
432 285 15
121 100 39
103 231 44
423 172 33
469 59 69
325 280 88
399 229 41
471 334 15
297 218 10
407 349 24
337 290 66
276 280 15
193 16 54
96 349 97
457 291 43
94 239 68
25 405 10
462 406 35
281 65 13
181 127 25
401 396 62
2 421 32
103 473 10
82 121 15
288 226 77
251 344 31
499 180 55
311 129 8
99 475 10
429 350 83
319 478 52
314 134 9
46 60 39
371 116 45
417 232 62
218 22 54
419 12 35
220 68 7
381 430 46
21 124 18
255 62 56
241 127 84
279 419 95
237 422 14
9 6 74
300 478 68
214 438 4
336 135 53
0 186 59
294 138 54
252 141 35
311 492 3
368 474 34
280 361 41
65 207 71
109 479 44
169 264 60
125 194 23
163 486 49
418 187 93
146 253 46
46 315 72
206 267 89
385 269 55
141 323 93
103 31 23
460 305 4
441 26 40
377 270 53
35 277 59
81 393 10
392 26 77
134 27 60
196 87 81
421 434 91
393 372 48
178 447 96
90 334 48
475 441 62
386 103 64
316 273 70
349 221 55
222 116 54
337 103 12
120 334 26
428 450 38
240 399 6
240 170 78
105 211 63
421 447 34
217 159 56
106 291 22
1 9 18
205 270 42
36 232 33
270 170 3
286 114 58
106 412 92
87 170 29
455 337 94
246 163 73
339 125 27
399 176 1
346 286 70
73 356 43
64 307 99
482 66 15
88 112 4
181 74 22
123 69 39
105 466 38
482 187 10
204 179 37
85 487 9
470 69 41
258 415 65
43 490 31
445 12 84
279 474 55
209 415 34
387 421 5
141 136 9
301 125 68
144 141 84
341 426 52
234 71 11
5 211 32
280 187 16
274 372 21
260 437 16
260 208 91
259 249 66
218 211 28
498 265 16
349 142 28
5 103 49
271 488 11
49 375 61
81 327 12
361 381 83
39 101 7
281 388 17
481 153 95
252 101 83
2 155 84
34 373 43
175 83 59
309 83 7
139 160 86
386 37 42
14 165 16
55 166 4
13 206 96
321 322 28
426 375 95
29 150 93
419 335 15
331 222 26
247 265 28
90 281 10
356 400 85
34 386 45
212 163 6
298 166 32
215 397 12
76 238 5
444 405 8
194 230 50
446 451 64
319 346 37
286 169 44
406 234 91
180 453 15
54 48 12
474 405 86
119 177 4
270 346 7
96 459 80
435 413 89
300 454 29
295 110 59
484 46 26
392 457 13
170 115 77
18 475 32
59 284 17
494 175 21
145 472 94
401 398 70
450 290 7
216 123 72
362 177 57
436 126 6
389 280 86
133 354 75
181 21 76
24 303 63
486 68 100
33 244 24
252 22 13
394 371 25
72 91 57
223 489 91
28 250 86
262 188 28
363 240 88
155 247 33
442 11 80
144 317 48
446 130 45
47 384 47
449 135 32
225 427 61
421 73 5
192 250 66
51 274 39
481 87 15
49 201 43
266 320 73
72 454 52
194 151 21
273 444 4
428 89 89
37 204 1
363 374 16
385 392 72
197 341 86
16 266 33
315 333 9
235 44 29
50 35 69
201 433 19
160 395 67
397 79 31
164 285 53
324 274 96
365 46 49
497 202 91
48 110 51
304 36 24
153 392 26
4 40 94
430 377 76
330 439 40
108 97 81
132 454 70
462 329 54
352 457 36
216 44 85
161 108 93
23 403 51
143 468 42
110 62 14
222 468 94
243 298 86
261 352 59
167 165 40
304 399 85
464 159 94
340 352 93
436 60 27
191 229 97
177 65 28
406 302 68
423 471 10
15 417 10
340 473 8
417 168 33
427 361 3
196 465 62
448 420 42
484 114 24
79 294 90
115 476 87
73 250 52
417 60 47
70 181 57
311 307 61
259 117 64
80 374 30
244 253 81
252 77 42
35 79 26
141 246 99
265 312 91
378 189 63
354 246 61
342 128 43
172 205 85
274 374 65
174 436 64
345 25 91
498 267 93
336 434 61
234 423 83
454 426 24
271 490 34
2 36 43
226 195 58
449 203 20
445 498 92
197 396 96
442 200 24
194 98 51
92 316 45
416 147 9
421 262 66
30 111 62
328 448 9
326 375 96
41 391 80
25 154 4
11 219 49
139 404 53
221 214 72
210 55 4
6 410 68
100 45 45
446 453 61
432 289 14
344 405 32
85 410 75
93 5 2
271 48 31
450 50 43
499 400 99
394 118 19
168 71 9
107 61 99
217 458 19
332 408 20
98 241 71
207 413 22
36 302 91
471 230 64
456 70 11
188 292 92
61 187 21
424 10 74
489 405 34
313 408 13
478 475 22
63 4 11
315 188 60
86 136 59
466 128 11
93 260 37
183 190 65
329 244 9
295 367 8
79 483 40
275 129 96
220 193 56
239 206 58
333 70 78
238 247 23
58 316 29
350 424 34
148 209 56
113 188 20
275 21 2
192 252 32
486 204 2
212 86 2
266 322 31
104 260 89
310 99 10
241 265 74
153 152 93
312 145 37
9 144 100
148 451 50
220 327 64
38 27 6
420 92 60
117 91 46
81 397 73
497 312 22
337 94 36
409 199 14
20 158 87
363 497 95
201 435 74
256 105 14
335 398 45
421 209 2
145 274 19
35 402 61
29 328 4
323 280 14
304 38 18
408 95 99
482 44 20
388 382 31
242 99 28
15 56 51
367 215 48
413 331 95
55 357 1
304 51 12
224 287 96
246 46 72
344 352 19
149 113 9
209 164 47
300 282 17
30 421 64
286 347 62
480 105 6
190 6 83
66 236 94
360 188 16
332 355 37
142 231 30
54 118 37
292 404 76
429 409 50
198 247 31
304 414 54
161 365 89
279 357 64
306 194 9
410 251 19
267 468 6
294 76 21
216 422 46
257 194 95
329 299 48
329 70 45
378 191 77
452 140 20
88 358 55
322 296 3
456 259 38
46 361 54
238 73 15
172 207 5
456 380 17
201 127 83
261 141 4
104 194 27
361 264 9
125 253 19
345 256 48
23 205 63
430 71 87
327 387 58
407 87 41
16 202 11
117 25 79
222 41 45
409 133 75
39 334 60
437 380 10
275 318 22
215 38 34
462 144 70
112 31 10
483 203 6
268 49 43
18 103 15
108 33 89
192 441 61
117 267 27
406 104 4
227 398 96
143 404 5
242 154 22
57 108 89
122 237 21
323 227 5
173 404 16
448 343 2
277 232 74
222 296 56
367 391 8
237 281 94
457 284 94
228 461 37
184 391 44
392 340 22
17 399 25
75 111 23
158 1 39
295 235 35
396 287 11
406 480 1
161 420 52
238 115 13
179 410 84
150 123 78
301 292 15
135 259 71
484 413 80
382 136 3
218 149 80
88 305 46
330 67 68
146 246 58
113 69 56
159 185 98
51 157 84
183 313 24
16 136 95
150 136 56
403 316 62
444 317 60
463 367 7
103 24 88
213 421 70
342 77 88
20 26 24
419 260 88
312 134 14
243 34 73
473 496 19
99 26 64
475 313 60
34 311 92
194 34 6
96 142 56
206 273 93
84 24 54
72 458 79
414 424 13
242 88 12
90 219 8
15 45 10
20 160 64
41 448 58
164 289 27
435 459 91
319 284 91
200 104 7
36 346 2
8 284 14
2 469 45
373 116 50
450 107 100
474 464 85
408 110 49
191 341 37
204 51 14
383 282 47
388 397 91
24 120 64
114 13 10
119 357 15
100 115 1
86 180 95
494 5 91
489 341 68
202 247 21
427 365 59
177 311 53
163 413 56
383 416 5
220 129 79
239 142 51
338 121 16
491 363 15
7 250 40
255 123 7
260 201 82
48 22 54
273 140 18
278 255 56
56 142 58
322 298 37
451 183 1
167 424 44
187 73 44
151 379 15
371 419 53
379 14 100
439 65 79
384 129 41
155 306 27
213 476 87
442 70 57
125 134 50
190 263 41
410 266 9
349 256 24
79 432 57
192 309 53
132 29 20
269 263 73
40 440 41
213 368 16
428 27 93
378 435 29
264 333 20
143 43 91
5 338 45
440 266 13
412 433 98
203 30 19
162 443 29
330 256 35
220 384 60
435 43 52
442 433 58
372 374 15
83 271 48
11 102 90
1 57 81
496 36 69
105 151 67
325 154 9
209 208 53
383 95 44
341 98 99
240 460 94
289 352 34
300 218 91
107 52 9
217 449 19
332 170 87
115 172 65
54 162 44
265 116 68
344 409 68
471 450 9
177 232 1
383 108 46
135 6 39
225 165 95
436 348 89
496 399 9
389 273 40
205 452 90
255 44 23
224 465 77
422 221 52
292 111 87
8 352 85
302 304 86
319 473 36
112 409 9
234 106 26
348 356 4
89 132 88
81 133 40
241 122 28
375 122 12
452 305 37
37 63 5
484 294 85
181 256 73
179 183 14
287 359 18
199 17 51
345 71 54
487 420 85
13 12 69
32 25 90
250 184 57
287 251 27
20 136 39
42 191 89
465 257 28
358 131 27
437 195 91
323 29 20
391 200 56
275 254 17
165 382 27
76 44 22
203 85 42
117 82 36
263 136 18
208 200 37
461 380 7
328 265 5
245 267 62
102 447 77
451 372 44
127 211 36
160 159 45
104 493 22
434 139 17
136 216 90
92 146 26
14 455 36
418 316 53
462 93 10
178 334 60
11 157 85
411 276 57
328 278 74
240 165 15
419 396 37
386 448 77
228 276 66
66 214 69
346 268 56
131 114 43
34 447 37
139 463 22
55 469 86
22 292 89
449 396 39
316 281 93
99 283 63
276 330 40
397 327 18
402 405 81
383 163 38
443 214 26
44 468 46
388 278 18
11 291 94
464 273 74
290 120 43
202 236 17
436 174 22
102 5 10
203 353 4
6 482 80
188 230 11
40 66 64
155 53 10
332 359 16
192 56 68
371 287 69
155 174 5
26 252 47
67 61 3
320 241 46
347 115 42
204 295 87
61 246 40
190 131 31
280 290 66
412 180 42
338 2 97
257 306 70
40 308 3
301 120 84
121 418 40
459 413 56
82 426 93
412 301 71
342 13 15
414 118 60
42 246 10
248 85 44
234 187 73
239 494 61
192 190 30
475 249 99
213 478 89
474 253 52
23 88 22
484 483 19
178 147 68
324 201 15
62 201 34
442 422 77
34 368 10
497 129 65
356 153 14
138 196 93
50 83 86
14 160 42
179 493 8
294 443 79
8 86 45
137 496 30
333 142 53
370 438 8
208 376 88
435 274 64
434 315 69
328 333 4
326 489 13
161 156 77
413 148 92
418 492 85
159 497 82
283 38 96
252 459 77
150 448 54
222 287 73
337 274 58
58 41 89
297 323 58
159 389 9
341 100 88
112 277 76
2 405 63
365 228 31
263 446 80
221 220 52
6 295 68
381 172 7
17 161 2
484 41 19
200 282 63
390 113 70
188 164 46
214 301 44
145 467 99
183 170 65
1 193 76
188 285 69
265 239 75
72 73 18
402 473 30
130 51 46
489 398 88
225 59 21
376 457 24
324 1 96
482 358 13
72 194 100
42 59 36
327 191 90
60 76 93
1 435 63
398 71 24
307 478 3
26 199 18
86 250 29
399 481 78
3 481 21
218 140 41
382 248 82
252 138 7
357 191 74
345 73 14
241 366 25
206 264 29
434 128 17
365 28 70
340 200 96
221 20 21
83 315 42
432 203 38
243 38 16
297 15 16
242 79 9
187 143 20
414 307 24
245 498 25
212 321 86
196 84 43
55 108 7
335 162 76
44 444 2
412 382 4
453 154 96
332 93 98
318 195 61
409 313 93
488 377 40
111 390 90
221 33 1
97 455 14
430 372 39
8 154 62
406 163 67
442 382 53
45 157 79
215 339 64
168 227 11
133 162 52
182 283 22
98 289 87
478 281 3
122 417 26
334 273 24
22 415 74
181 179 89
148 2 65
373 120 34
340 468 41
155 163 99
366 346 62
457 464 96
410 123 83
492 458 41
114 246 83
148 15 55
255 343 46
301 230 76
0 238 84
363 61 79
247 115 31
241 71 98
479 357 53
37 12 34
264 432 54
446 180 65
410 257 32
303 131 68
468 235 74
354 362 2
426 467 86
459 415 4
169 316 30
26 496 41
273 144 50
144 259 5
127 26 95
247 128 45
412 424 12
361 378 85
356 34 39
452 496 50
39 98 10
206 440 49
352 265 2
241 434 29
268 271 15
166 260 13
50 85 73
435 155 72
242 26 87
319 209 39
30 106 32
365 325 18
7 388 90
48 389 74
263 85 90
139 278 60
430 427 90
219 392 49
389 22 27
286 45 26
194 456 33
251 209 36
52 228 7
415 51 81
286 166 3
198 53 98
274 48 12
224 456 77
443 271 70
181 5 8
309 456 77
128 115 49
255 156 76
177 236 52
292 223 78
144 59 7
295 228 88
121 341 25
167 228 27
220 54 69
26 188 97
320 177 34
144 180 99
182 472 36
283 295 11
295 349 38
262 172 6
468 277 20
179 174 38
459 457 90
137 177 17
7 67 80
86 131 19
361 70 35
488 111 76
278 301 13
218 21 18
52 483 2
146 118 55
104 121 53
183 185 27
180 116 94
295 362 8
148 312 19
63 470 57
192 126 30
486 307 65
216 483 36
433 417 14
410 204 35
74 255 54
487 424 8
68 440 24
398 86 44
95 314 69
7 430 85
70 486 7
488 245 16
474 310 53
56 322 63
474 81 88
152 30 37
55 97 62
113 75 39
123 268 32
92 137 58
441 25 54
329 494 90
241 381 32
122 393 7
361 446 15
161 92 83
237 87 63
402 154 100
200 205 45
291 94 65
428 328 83
376 138 42
441 267 21
489 200 76
267 87 75
337 331 61
235 283 96
276 321 80
480 87 26
219 460 55
277 172 65
142 213 17
22 296 79
435 465 56
66 339 25
29 457 34
207 463 53
496 337 97
375 47 63
210 239 7
182 406 100
3 175 55
209 280 16
80 129 67
38 398 47
107 3 81
19 119 40
109 49 37
307 293 6
167 404 95
234 165 42
98 304 3
5 76 17
54 234 5
293 250 7
286 476 97
234 286 78
401 463 63
74 68 88
239 135 33
255 345 97
213 348 23
366 361 12
405 289 12
456 254 61
275 179 50
294 192 43
290 487 76
26 377 11
139 25 83
349 249 61
239 377 83
220 135 74
132 251 76
199 426 53
345 251 9
56 148 42
135 441 88
0 253 100
495 195 56
132 143 80
219 31 97
250 135 72
263 74 66
414 472 9
130 484 81
157 321 59
14 272 96
437 375 63
200 139 71
197 393 17
131 39 10
492 18 66
120 146 30
92 84 92
160 447 80
471 80 15
289 103 85
201 256 55
48 391 25
189 101 46
235 217 34
100 29 97
321 442 82
136 396 7
469 276 24
318 265 38
183 40 58
133 448 28
45 106 94
325 160 10
204 99 23
346 448 56
340 404 96
455 391 3
246 217 76
163 448 7
415 174 42
230 394 81
304 343 26
156 179 75
183 53 9
269 56 57
367 399 70
482 349 82
195 292 64
470 2 47
304 464 10
371 225 66
482 241 17
232 295 96
111 5 75
451 110 75
313 405 45
343 284 74
35 131 49
348 362 82
21 4 49
42 292 14
385 365 5
82 364 19
185 196 24
92 5 60
176 413 23
162 249 71
151 319 47
51 381 3
138 13 41
201 69 85
365 140 44
48 204 16
345 198 37
212 83 54
248 265 70
330 304 67
275 139 43
238 486 30
208 314 35
9 370 93
391 435 15
330 425 98
453 266 45
324 381 74
43 102 95
134 257 17
422 135 24
4 147 58
102 453 30
333 322 57
104 499 72
291 325 43
392 377 47
442 494 29
216 151 53
73 102 1
334 143 9
317 499 60
298 220 51
22 285 40
388 379 32
214 226 16
120 335 88
276 94 92
283 218 70
318 441 12
170 277 88
202 0 31
191 107 4
468 92 40
253 167 69
288 390 4
441 403 86
394 62 72
223 409 65
264 181 65
61 118 13
140 411 96
33 285 20
336 57 98
353 411 11
58 234 86
181 304 23
12 468 8
356 12 20
278 358 11
223 422 40
107 247 18
234 288 98
19 134 47
373 366 74
192 62 25
183 471 98
433 353 89
410 369 78
162 304 37
415 484 84
93 204 76
192 183 34
44 19 96
155 301 17
141 366 69
328 192 66
419 81 44
61 373 23
445 484 38
296 132 84
437 485 48
110 90 44
132 145 70
305 302 2
411 203 41
120 256 72
248 441 71
352 498 32
464 187 44
230 20 85
367 25 53
317 433 83
446 318 85
193 101 22
105 25 53
284 256 57
388 313 33
6 396 41
386 388 66
303 390 44
316 329 81
85 396 51
140 103 95
112 41 23
420 157 6
318 375 9
358 447 15
353 103 44
476 439 42
186 340 49
57 455 86
184 267 12
392 445 93
207 170 17
77 60 69
204 101 16
443 383 20
85 409 42
107 168 93
203 401 88
40 114 82
86 230 69
272 393 20
179 165 81
148 61 61
492 396 93
170 345 15
40 235 45
210 417 17
158 227 48
292 456 4
314 474 24
179 286 59
382 120 51
184 401 48
225 173 80
49 176 47
260 359 1
37 58 37
465 10 36
478 474 12
32 128 90
466 356 96
39 23 92
70 127 4
437 298 56
327 426 11
275 236 71
146 351 6
296 295 98
447 235 81
309 5 3
144 197 62
88 302 65
382 483 23
354 421 41
220 192 76
385 259 56
2 198 80
444 314 41
34 187 61
452 434 37
240 26 78
28 372 95
410 437 16
344 83 87
30 152 5
71 190 95
411 29 29
70 490 49
364 442 54
367 188 15
132 321 51
425 314 20
282 494 49
166 319 18
485 301 97
110 158 22
430 136 67
392 258 18
404 83 47
488 491 73
161 96 64
381 99 59
496 86 66
279 88 13
77 102 73
297 142 17
85 222 3
145 273 34
368 22 32
478 153 24
268 343 6
325 96 14
237 212 89
297 263 33
200 330 32
230 209 72
207 225 79
251 268 17
443 438 74
25 450 52
368 35 22
1 241 20
422 271 26
265 287 22
31 120 35
498 229 54
112 459 44
5 67 51
170 400 40
274 228 95
278 118 46
402 413 51
487 457 21
21 169 50
227 8 8
336 180 16
229 54 33
148 129 96
373 476 8
266 121 97
486 124 61
35 188 57
329 406 65
40 303 20
7 126 46
447 398 18
306 422 76
452 247 13
37 5 79
484 465 16
410 250 4
327 252 78
394 427 79
268 22 30
171 355 51
468 349 40
333 124 55
68 378 35
2 24 28
444 140 56
356 256 97
120 16 46
218 322 32
157 312 67
212 19 32
239 381 23
206 204 11
104 193 67
219 143 10
337 135 18
479 484 62
363 309 63
113 363 92
27 323 90
150 430 62
236 433 5
136 495 98
291 140 92
84 76 8
111 438 80
157 325 75
124 148 99
377 328 16
411 326 12
492 22 66
193 103 93
413 143 34
358 207 40
75 84 77
219 277 98
76 457 56
450 146 47
237 267 93
311 216 31
388 207 5
106 228 50
188 267 28
205 207 69
279 156 28
311 337 99
99 454 68
308 39 35
156 170 76
362 46 63
59 274 60
274 162 52
67 98 70
181 119 8
341 108 66
415 57 21
265 463 55
31 296 44
447 211 44
3 463 97
311 350 27
89 237 29
190 60 17
168 422 3
288 460 50
453 2 43
444 182 66
26 194 58
459 463 32
324 9 58
322 350 44
128 484 90
497 58 69
447 466 43
93 382 8
275 359 15
407 20 70
309 128 33
474 195 6
138 246 26
284 71 19
160 264 89
211 495 63
384 423 8
496 75 61
495 375 62
250 315 75
71 84 21
365 265 70
2 213 85
20 267 1
37 436 97
330 429 2
407 383 30
420 322 11
497 313 4
124 445 31
344 448 47
110 281 50
201 436 54
73 106 76
100 209 52
482 274 34
298 453 36
205 262 57
64 286 12
200 332 5
167 155 43
165 45 18
483 391 45
376 265 30
216 47 32
202 112 36
22 410 37
182 399 15
10 63 36
31 122 90
366 341 5
327 349 78
332 464 2
398 0 18
293 243 89
105 458 62
479 110 90
281 354 87
373 357 79
132 2 85
364 15 9
470 411 24
93 424 88
308 349 5
248 69 17
49 125 69
255 459 6
40 305 18
375 295 46
306 424 19
190 478 16
369 480 49
9 174 85
451 290 29
5 203 58
467 5 92
291 8 72
394 429 39
158 418 16
303 247 55
382 311 81
294 198 98
407 75 90
337 16 74
185 376 5
340 21 51
111 198 60
226 185 9
413 11 47
160 319 72
242 129 95
44 144 94
425 250 6
39 214 100
171 370 51
298 145 81
465 322 3
129 373 67
145 88 52
76 217 48
103 320 93
136 268 82
115 145 42
166 376 64
372 481 31
256 40 58
13 319 68
355 19 65
434 312 77
30 222 33
277 328 90
184 137 2
29 263 21
20 443 55
221 204 95
18 104 8
427 43 30
377 451 98
17 145 51
75 86 82
489 140 51
258 207 18
203 271 6
268 400 77
348 100 90
292 205 10
219 400 97
63 89 76
288 207 36
133 333 5
114 54 3
243 464 61
399 223 86
292 97 9
297 441 35
47 0 46
79 218 61
211 108 31
323 349 43
40 226 93
223 347 18
42 43 44
126 414 15
5 124 22
43 416 48
10 239 96
417 334 28
491 283 63
389 272 22
12 285 18
320 172 21
220 170 54
144 67 42
94 475 14
165 355 57
5 137 66
225 406 77
342 173 1
58 414 22
364 191 47
396 409 38
303 181 30
368 347 51
444 76 96
306 371 48
89 373 52
116 476 26
234 468 29
206 369 64
440 307 81
63 357 10
104 129 77
324 361 53
296 299 42
414 291 70
89 494 28
372 294 99
148 320 27
219 200 10
458 482 81
2 202 8
375 484 6
483 17 1
207 82 74
410 441 76
284 302 86
432 200 68
41 315 78
435 205 34
467 423 11
481 92 38
103 146 65
134 250 72
75 20 100
457 85 64
420 203 64
217 140 24
103 267 56
230 79 86
87 30 49
37 438 95
288 20 99
50 377 42
284 315 81
297 254 19
490 154 92
244 98 49
230 200 67
138 382 61
482 155 75
191 208 46
432 334 69
46 265 73
52 49 68
224 277 33
466 39 31
70 39 53
397 205 73
369 106 76
448 399 62
368 147 90
123 50 88
436 281 74
265 170 35
366 222 59
498 112 70
150 45 76
47 68 37
492 455 27
247 99 41
371 394 18
371 165 92
427 474 40
116 289 18
419 61 8
295 291 38
88 227 9
454 284 53
478 412 87
218 192 61
162 297 90
294 187 92
266 354 45
192 176 17
145 64 76
70 415 23
190 251 37
160 308 49
65 485 97
220 130 36
132 246 72
426 464 65
32 308 34
266 246 77
250 238 90
384 467 65
117 123 50
241 418 90
141 480 26
48 23 79
361 483 50
336 426 89
231 144 1
129 362 91
284 7 50
248 313 67
443 0 43
178 483 87
35 205 5
152 201 65
479 367 34
50 190 40
435 260 78
440 375 9
90 262 49
282 432 13
495 432 39
481 268 87
214 153 47
398 499 62
30 103 86
217 424 82
318 18 81
6 160 33
77 40 26
435 273 43
112 263 57
203 381 80
106 448 30
334 83 8
77 161 82
355 142 54
434 435 41
15 451 92
115 160 48
244 45 73
423 276 21
496 266 55
210 168 63
341 99 76
198 50 36
63 91 90
142 384 40
54 271 4
133 335 36
480 379 79
163 214 68
204 215 81
443 497 21
457 166 51
478 225 77
202 290 40
491 164 63
265 346 6
287 105 96
3 346 95
472 43 82
169 5 28
399 467 98
177 354 15
267 284 11
348 357 11
477 242 89
241 231 13
361 296 97
227 67 28
292 462 28
19 303 98
44 67 98
285 193 35
479 409 31
23 129 26
465 245 22
470 360 42
229 5 8
146 236 86
421 175 22
426 290 58
164 24 91
114 432 92
166 70 18
451 468 6
159 296 96
386 194 5
25 188 83
228 22 87
192 365 85
159 188 43
217 129 70
48 91 79
342 309 91
60 330 39
66 81 89
166 204 1
138 371 85
303 438 98
99 379 19
443 189 68
434 140 49
57 153 68
310 333 7
98 154 55
268 336 93
290 95 81
209 143 85
228 156 68
352 451 62
401 313 90
29 441 8
406 162 32
222 341 23
436 41 40
480 84 69
292 33 37
322 141 60
415 103 65
258 385 97
156 108 48
390 46 67
205 266 38
378 157 89
350 95 64
24 339 4
487 100 25
244 342 92
82 280 79
390 167 95
161 344 98
22 414 82
88 216 100
85 470 40
396 103 24
437 104 28
332 347 49
170 285 39
94 411 18
195 463 56
51 189 37
156 242 49
104 52 96
178 1 4
153 173 40
347 224 13
199 60 7
42 342 97
377 66 59
435 7 73
51 310 53
445 237 13
393 47 25
497 104 25
190 361 31
80 489 89
327 366 66
241 299 91
141 361 63
208 122 52
347 466 35
326 114 44
28 191 27
146 412 95
338 353 79
21 417 52
442 410 90
488 297 78
190 374 95
317 415 22
449 305 16
178 485 66
442 302 65
342 364 50
464 61 21
55 270 52
127 146 23
206 439 56
457 21 71
266 490 31
154 20 18
272 12 52
2 151 50
428 488 19
6 270 55
78 146 90
297 190 46
421 485 57
149 26 38
118 447 17
126 42 62
272 133 5
222 275 99
34 490 93
15 211 90
161 265 16
288 77 23
334 193 21
293 155 62
41 385 57
8 437 5
443 136 59
38 87 15
323 448 38
307 211 71
270 329 39
366 37 62
94 332 30
99 447 32
121 206 71
24 44 93
277 224 59
409 380 1
106 342 23
152 458 22
480 260 11
466 96 47
168 173 49
137 42 19
329 212 88
246 214 31
42 155 34
162 220 66
410 56 17
445 279 26
257 228 48
21 217 43
329 104 65
394 462 76
218 7 62
211 233 3
155 338 35
45 466 37
378 346 96
116 346 11
372 43 86
495 113 90
82 469 98
238 228 8
269 66 51
204 351 77
326 48 36
479 290 40
456 306 51
211 246 14
252 247 70
477 365 66
391 298 13
157 131 14
95 421 30
329 359 49
273 198 15
474 188 41
83 303 9
201 295 15
476 234 36
407 134 34
117 72 92
328 255 20
226 473 31
185 206 55
413 70 27
352 319 92
62 486 45
307 24 68
310 443 44
268 217 85
221 371 15
482 146 95
209 24 90
351 373 95
404 199 48
362 202 13
64 279 34
286 99 58
87 155 22
334 261 64
466 151 39
22 174 15
66 446 81
10 56 47
183 213 66
73 341 28
417 151 78
496 444 92
237 449 31
366 105 5
142 333 91
269 108 11
12 223 2
3 403 68
280 159 24
31 357 57
461 170 15
361 232 9
232 118 29
261 1 3
394 301 4
428 114 98
366 468 59
144 126 37
438 344 34
47 422 68
121 408 88
470 296 18
382 412 16
14 16 38
239 363 52
481 125 41
164 189 43
255 344 39
364 250 10
358 176 83
303 11 62
330 114 69
289 76 60
41 11 8
46 355 21
481 17 1
431 425 38
467 119 97
453 184 14
420 7 27
2 19 69
389 465 65
497 227 58
356 22 93
36 17 2
55 30 14
435 251 97
440 366 64
385 430 66
150 304 10
131 25 91
36 138 94
351 415 6
185 382 24
129 487 11
413 17 17
160 325 47
13 312 68
159 366 12
103 205 81
419 441 11
284 482 56
413 138 96
366 26 75
256 154 16
71 374 83
16 438 85
492 367 57
175 431 98
261 390 19
258 321 30
483 439 5
307 213 32
293 49 8
251 318 11
77 165 61
237 154 22
140 450 62
140 221 86
341 211 86
131 401 35
94 455 71
228 455 18
314 458 5
223 111 74
167 216 31
436 340 53
58 165 30
42 157 53
350 273 27
165 227 6
10 353 52
101 471 24
436 461 39
40 232 36
329 106 34
274 170 82
479 279 28
396 281 59
142 401 74
104 109 78
463 456 88
172 243 7
281 415 35
262 173 7
336 122 29
88 286 57
118 128 84
475 402 99
122 18 10
254 174 24
28 356 65
9 114 53
146 348 94
454 464 57
316 5 70
261 69 19
109 466 89
453 10 17
245 475 7
248 251 77
155 474 48
375 477 87
307 13 45
331 370 16
446 128 93
485 56 95
41 308 64
160 259 88
486 429 88
370 483 74
208 421 68
386 198 52
110 263 28
164 499 67
35 385 51
117 424 57
120 200 58
427 91 27
380 16 10
261 324 51
383 21 84
448 150 99
57 265 25
236 496 15
425 432 48
282 383 92
223 153 30
406 274 1
110 397 5
306 43 81
82 42 33
109 145 5
89 166 5
262 94 29
192 35 61
51 59 78
276 443 63
246 271 57
287 43 92
283 338 92
121 276 81
165 282 77
244 346 69
371 387 73
183 336 11
1 359 27
260 290 22
213 215 36
245 167 93
369 462 53
437 108 90
100 459 50
484 341 54
234 395 15
160 180 32
136 8 55
158 292 22
218 306 9
369 475 5
396 349 95
146 403 61
437 121 26
294 301 32
9 290 56
14 139 93
0 241 3
27 78 57
250 352 5
131 135 89
467 471 99
118 88 38
319 78 51
282 425 1
256 143 41
247 360 56
286 22 73
194 433 56
309 420 69
221 307 15
69 438 64
129 489 28
289 212 28
44 381 74
195 25 39
136 384 96
497 363 55
304 197 15
106 441 91
491 23 68
436 87 91
212 379 77
36 153 62
368 74 9
184 253 37
1 280 42
298 274 11
416 495 97
130 138 70
127 392 51
121 89 94
126 167 12
397 374 91
490 336 4
130 30 69
457 388 92
258 444 34
450 385 18
269 44 59
75 444 32
135 229 13
79 105 7
440 47 32
119 406 66
347 270 61
311 347 6
26 299 49
39 9 27
88 396 45
241 345 89
125 170 35
121 465 48
80 427 13
238 461 91
76 133 60
29 58 99
273 418 7
226 343 95
451 461 46
0 296 51
418 55 60
445 417 94
323 131 80
364 428 41
312 238 41
102 428 5
13 356 83
335 141 98
159 181 53
486 310 29
324 477 7
92 356 67
87 12 36
419 485 29
422 2 88
471 123 55
60 323 25
318 66 51
460 415 8
157 377 17
231 326 52
363 482 2
289 267 49
38 133 88
317 487 86
124 321 5
219 329 96
420 319 82
10 155 20
40 34 39
177 39 30
24 211 63
98 160 16
436 155 69
174 155 98
293 106 89
416 442 19
195 214 10
489 432 76
314 165 62
341 39 82
382 40 31
459 260 15
304 386 53
408 443 41
279 329 73
405 145 59
415 338 73
234 34 49
258 391 77
373 112 3
161 458 98
174 397 43
348 284 97
26 233 55
89 60 43
369 343 100
80 240 2
262 217 31
147 415 49
21 47 13
329 163 30
177 294 7
364 120 52
118 64 70
412 53 19
320 464 8
339 477 44
58 464 33
177 415 6
447 276 42
386 0 52
467 110 31
241 292 74
180 282 19
254 231 52
364 362 65
451 287 89
432 8 67
252 306 69
81 424 25
166 10 88
196 118 4
187 298 3
206 311 43
197 491 21
365 75 21
72 496 87
273 486 2
433 475 55
325 124 29
160 316 80
113 241 76
462 129 72
272 234 83
332 19 80
423 137 98
120 136 27
364 496 27
55 384 68
185 386 75
408 135 82
210 150 4
195 27 100
170 199 73
147 215 74
83 496 45
205 193 67
163 196 30
435 389 93
126 277 36
117 494 52
459 194 33
362 261 16
108 381 91
140 333 4
341 94 10
253 210 85
186 220 26
404 150 15
397 376 9
75 325 50
135 110 3
295 99 26
429 328 31
401 495 60
126 290 28
234 89 96
401 266 55
216 220 62
130 382 12
322 323 12
281 285 100
360 349 86
225 390 71
170 454 69
421 36 84
329 218 5
348 231 71
287 221 65
254 44 94
102 175 86
387 344 80
454 105 44
385 234 99
90 57 88
293 416 31
171 167 91
69 119 10
14 183 2
487 403 89
220 288 57
445 406 16
319 1 35
301 398 90
144 414 34
345 175 19
474 60 82
284 165 62
41 178 36
440 183 28
12 416 30
428 294 82
493 460 83
212 181 36
418 286 13
46 414 60
41 70 83
247 404 95
365 130 5
425 181 49
153 247 67
139 312 58
18 22 100
344 192 79
215 78 87
252 374 42
150 363 91
221 243 9
400 474 1
205 6 100
55 210 33
242 73 63
353 254 94
297 130 47
75 17 70
209 17 40
434 364 52
103 264 77
292 136 25
304 375 92
175 490 60
87 377 99
496 316 3
339 103 90
354 88 52
101 396 14
31 337 81
366 327 29
347 85 86
378 152 90
302 342 74
295 154 16
66 331 65
107 332 34
271 211 24
128 391 13
73 455 18
264 171 34
176 95 67
426 206 44
491 335 52
255 95 32
493 381 41
364 1 56
470 168 78
332 463 78
472 214 82
250 101 16
197 9 78
293 471 38
342 104 7
359 273 40
88 453 36
322 391 50
41 112 40
454 281 30
285 472 57
137 345 43
183 461 41
312 53 71
410 359 41
47 307 9
294 184 1
51 426 55
109 404 7
356 15 92
42 350 27
245 184 40
239 369 29
173 15 4
233 66 89
444 478 25
309 61 67
254 125 45
171 356 52
460 230 17
298 131 22
113 351 95
60 259 85
239 490 71
192 415 44
352 367 35
412 418 63
53 485 71
400 300 65
325 126 93
5 444 86
187 192 96
186 196 12
131 31 82
175 303 35
34 364 73
427 29 92
69 321 11
453 432 55
401 13 25
184 244 70
425 370 2
208 372 67
92 426 77
128 83 28
210 152 57
305 426 9
19 32 34
392 314 5
170 201 70
491 27 29
325 489 91
3 209 5
235 451 17
182 332 72
297 319 33
278 40 14
355 489 57
11 450 83
492 494 53
244 392 88
115 278 51
288 435 66
3 222 25
424 215 86
195 392 50
415 395 49
406 346 20
266 43 53
389 379 54
12 392 16
75 448 43
70 104 25
176 271 39
382 339 23
253 454 74
183 395 29
1 418 45
343 384 36
81 118 62
72 298 92
130 276 91
231 62 23
391 51 35
79 459 61
40 238 80
260 241 61
405 336 54
424 349 75
465 350 5
303 59 43
363 110 80
5 365 77
238 344 38
178 64 13
199 352 68
289 16 1
294 360 50
385 478 19
7 303 27
23 18 95
430 113 100
247 406 50
242 62 81
173 191 23
420 68 47
370 476 7
474 304 56
78 75 67
317 357 68
69 255 12
440 427 84
35 378 84
272 62 87
428 309 90
419 489 48
243 263 72
289 379 94
449 368 33
182 24 24
168 89 91
249 199 100
180 365 87
6 441 76
376 11 64
161 86 55
469 202 26
97 330 58
50 255 3
358 371 59
333 314 47
3 35 26
297 253 5
127 330 2
223 38 47
383 27 18
214 218 18
401 310 39
24 323 91
280 20 62
423 328 13
15 274 10
362 318 62
274 205 93
494 208 92
482 154 69
209 261 6
135 46 83
451 23 73
464 487 47
142 207 28
119 223 60
36 454 17
397 433 21
336 157 82
415 450 90
189 403 11
172 170 75
361 106 18
39 55 70
199 44 82
116 46 15
498 111 24
181 404 29
294 52 11
192 41 21
213 329 70
278 229 79
354 453 89
486 114 96
398 230 18
255 447 24
263 42 53
317 278 39
231 238 39
449 168 41
385 412 90
12 352 75
331 68 40
47 309 2
253 414 80
132 353 73
426 342 8
491 471 10
62 294 80
117 1 97
337 4 92
139 248 48
157 302 43
284 114 49
55 25 72
96 63 45
490 182 32
62 415 24
444 480 93
315 366 36
139 369 12
180 407 5
221 179 86
340 130 49
212 359 87
212 130 26
462 241 93
178 482 33
111 428 50
386 138 63
402 82 19
365 200 25
376 66 32
386 488 83
453 434 17
122 334 84
194 439 91
99 323 42
434 313 9
198 265 92
313 252 21
337 380 36
63 77 67
213 21 78
232 34 11
140 216 21
131 396 18
313 144 16
10 335 52
189 337 85
288 316 48
491 150 40
128 98 1
329 88 82
158 206 28
262 34 47
189 458 88
142 383 100
1 407 70
100 386 4
459 440 99
352 48 54
202 289 78
353 458 74
361 282 73
347 384 26
168 412 23
350 160 93
74 225 81
5 125 66
266 166 19
159 40 56
109 219 39
100 399 44
121 458 63
303 169 73
377 118 41
308 284 31
280 222 76
321 223 74
426 276 94
439 215 10
365 0 58
232 410 77
377 239 83
485 38 8
253 469 50
192 230 21
159 53 43
104 117 73
59 51 9
133 0 92
28 472 8
28 243 61
398 190 89
48 306 2
122 255 62
342 295 45
78 185 30
14 429 92
143 314 14
22 24 57
393 462 73
250 413 72
37 305 68
243 373 96
353 16 96
27 260 28
314 24 93
356 435 17
181 30 83
351 478 62
423 317 68
411 263 12
257 25 31
100 78 68
219 443 11
2 445 12
79 140 87
387 256 49
170 29 80
288 250 29
314 387 40
272 427 65
179 199 4
258 492 83
101 279 47
123 38 83
293 220 59
251 489 73
158 32 10
209 492 57
52 279 35
456 103 64
24 217 27
165 156 59
15 397 38
68 223 45
18 402 3
403 213 35
491 97 16
329 264 23
47 285 28
396 210 60
112 451 18
415 223 27
373 226 80
285 113 60
403 334 69
293 462 69
315 221 61
480 325 50
447 148 92
488 149 20
245 162 8
364 113 53
336 280 64
451 267 94
336 51 32
294 54 62
169 288 51
158 395 6
37 105 59
245 54 97
372 95 86
63 279 78
407 52 75
398 3 77
278 352 86
449 170 85
421 108 99
467 224 12
238 401 7
81 188 49
414 334 42
56 360 70
372 337 21
312 57 33
243 186 28
449 291 2
338 460 58
310 361 11
122 81 95
340 240 9
455 227 92
56 481 92
152 189 73
284 345 66
238 414 76
254 358 68
326 463 80
185 258 7
220 481 12
416 127 86
173 140 40
448 79 33
11 78 4
76 207 89
409 353 37
6 148 65
3 79 25
344 143 6
94 197 67
319 315 33
267 125 88
341 74 17
136 379 55
106 436 13
450 17 84
6 269 82
8 315 21
209 305 73
300 194 14
207 380 13
362 25 23
279 256 87
45 89 85
36 269 42
256 272 44
121 84 63
459 79 93
115 269 54
18 336 52
494 265 21
265 213 1
484 257 94
371 87 59
188 380 40
174 445 68
334 205 15
413 498 29
172 106 1
77 283 54
378 211 71
107 391 7
52 455 52
51 230 88
307 452 36
287 214 72
447 203 32
405 206 72
355 385 87
88 270 25
317 93 13
382 222 96
32 109 98
255 154 4
260 232 77
445 399 48
431 464 48
287 456 88
442 101 84
9 219 64
192 340 93
159 163 89
309 107 40
151 423 67
68 425 70
81 364 78
139 305 31
326 397 95
56 307 98
432 298 23
485 161 65
449 238 9
215 71 1
94 10 73
398 421 15
497 171 64
56 428 70
358 241 89
321 359 9
236 251 92
230 177 56
312 246 39
279 69 70
303 426 63
430 238 24
316 365 91
291 308 98
122 499 83
478 134 18
180 477 68
312 367 44
205 241 57
466 16 68
22 268 94
402 260 1
314 147 28
429 134 5
481 324 9
71 426 26
448 376 18
84 365 79
24 85 83
423 319 24
478 26 76
106 383 92
216 26 4
221 370 23
422 360 48
152 499 80
96 375 7
163 136 75
121 139 92
11 267 32
117 434 8
103 499 20
189 273 92
404 198 67
87 491 61
161 211 54
300 491 16
79 34 31
165 37 78
362 322 77
67 145 92
408 209 70
279 324 37
77 338 73
366 212 3
140 394 3
470 269 93
478 389 79
426 199 5
470 390 96
451 148 95
465 46 27
406 405 27
362 335 92
293 464 11
67 158 28
241 45 35
77 351 92
65 233 22
391 339 43
32 177 62
30 67 89
145 54 61
62 285 27
356 8 9
331 180 48
23 64 36
262 346 22
363 398 42
242 108 67
136 355 66
76 75 4
259 462 34
254 118 29
377 417 78
148 365 2
41 239 47
137 472 55
319 183 31
384 349 81
444 363 79
119 14 97
303 360 8
96 296 49
132 478 1
101 81 48
483 183 58
185 489 42
97 376 95
102 491 37
377 430 21
256 140 80
75 65 48
495 422 30
355 119 51
217 185 20
117 247 5
1 35 76
240 317 37
73 140 9
353 194 55
413 245 33
471 186 93
388 417 58
276 361 65
216 81 69
381 148 99
59 134 52
314 94 30
214 156 21
459 189 42
244 35 37
423 266 84
17 487 8
251 425 18
366 146 15
490 441 67
364 36 42
98 331 17
174 97 90
163 433 81
498 157 69
176 143 13
186 336 5
357 154 88
477 219 81
347 146 43
465 101 22
5 116 51
70 218 61
121 449 3
80 411 18
179 390 18
260 463 94
366 401 2
460 36 12
487 398 78
134 216 1
442 103 74
28 234 68
456 415 26
60 186 91
104 229 14
326 278 21
143 305 8
50 114 48
418 281 80
497 281 82
221 117 86
264 487 30
372 286 98
237 61 14
338 409 92
159 178 81
38 117 29
236 361 46
2 194 59
497 402 85
499 182 56
335 259 38
90 428 58
29 418 80
48 431 27
459 2 34
288 120 16
441 133 82
394 21 100
485 405 53
182 138 34
168 203 41
374 308 23
434 359 2
38 130 74
79 131 51
101 149 33
389 64 6
341 23 35
43 329 60
24 87 39
299 26 69
194 498 7
133 488 32
496 311 99
307 146 29
339 327 84
80 332 22
219 447 57
179 82 18
87 493 25
371 23 86
147 278 63
210 334 8
493 134 60
470 150 55
478 270 54
445 93 60
169 158 88
72 225 94
163 380 32
77 340 26
262 93 45
19 335 37
313 324 32
211 47 29
499 450 62
359 147 70
116 160 70
484 327 6
363 266 58
385 284 83
137 219 23
408 453 60
232 227 55
111 166 17
144 114 94
369 461 7
234 273 64
220 338 63
252 290 92
180 158 28
218 413 5
259 451 28
264 300 37
344 0 33
71 107 91
255 453 32
323 62 18
125 343 53
488 166 85
340 2 29
219 126 30
356 360 58
138 403 38
397 105 13
495 411 84
103 301 57
203 10 46
282 303 87
194 419 83
15 188 88
450 116 44
180 292 24
362 3 91
441 296 36
18 193 68
221 64 21
485 110 13
233 303 31
319 306 52
184 118 63
344 255 66
443 234 95
80 145 44
319 427 99
189 317 37
249 368 95
161 255 15
362 16 43
212 486 10
432 489 74
8 427 19
390 199 76
249 260 11
472 9 63
288 188 82
381 150 61
224 432 39
293 37 60
325 255 81
487 253 73
244 266 55
491 143 1
399 325 76
452 151 33
223 328 10
154 494 92
374 497 95
470 205 46
308 143 75
1 400 18
191 497 26
366 269 46
58 153 63
74 97 98
79 441 33
299 444 36
491 385 33
311 454 24
438 266 40
190 164 72
308 385 57
470 218 60
146 94 75
192 210 21
109 441 89
95 277 38
447 436 91
306 460 81
199 105 26
418 149 19
93 352 96
275 100 26
389 387 86
227 59 19
53 172 22
309 98 34
37 164 54
336 460 47
294 234 41
90 175 26
62 113 78
315 293 13
337 52 22
328 232 19
220 406 39
374 55 71
53 414 76
386 294 11
9 344 89
64 14 38
388 111 73
291 178 38
117 291 93
416 65 8
219 194 10
387 7 53
419 484 12
22 259 55
22 30 22
154 186 58
84 356 2
103 369 31
337 307 5
249 423 9
441 364 24
193 33 68
485 407 2
121 130 59
98 146 57
43 210 27
128 25 67
80 213 77
126 100 47
346 369 73
327 90 27
373 206 5
244 321 87
100 313 74
359 15 31
218 39 53
204 141 70
8 495 89
286 439 75
487 200 79
253 33 75
491 90 79
141 206 1
475 82 41
347 311 33
77 221 35
405 23 28
162 36 72
473 157 35
73 452 3
339 342 24
259 90 5
322 375 65
341 388 10
468 429 89
244 455 26
371 267 58
137 100 13
51 60 72
422 498 98
260 399 27
227 222 32
232 337 86
336 165 12
330 91 79
348 404 26
227 114 23
488 155 48
345 335 53
157 284 79
88 450 88
90 230 85
222 120 51
475 337 81
446 279 16
354 461 15
159 222 64
35 186 16
34 456 38
229 173 6
382 415 55
321 405 71
402 64 22
285 482 96
233 292 82
434 53 10
38 53 86
305 168 9
442 402 9
20 184 83
97 367 13
138 176 70
352 364 63
276 2 3
229 415 37
176 0 38
121 64 14
112 244 93
54 10 40
482 191 87
105 241 1
265 193 39
427 26 79
94 311 2
434 416 77
131 378 61
170 77 87
274 134 74
457 26 8
415 258 54
219 383 49
420 373 51
87 429 10
496 368 70
433 19 99
168 273 76
80 389 48
181 212 6
470 86 46
280 191 3
225 26 47
266 27 80
271 142 25
58 34 100
278 266 29
116 204 72
405 78 26
181 333 1
258 324 20
95 37 6
86 217 3
447 196 70
366 271 24
378 96 64
267 494 41
162 212 92
137 155 33
109 322 2
357 158 81
425 33 43
232 392 66
428 38 28
366 392 27
493 433 29
181 346 52
261 46 56
211 454 53
285 174 73
343 381 79
40 343 36
26 408 79
301 384 69
287 449 55
162 225 60
90 56 32
174 464 4
50 105 67
440 290 52
365 116 44
318 41 78
298 62 79
330 51 59
280 459 39
321 231 44
488 344 10
474 409 57
265 6 34
69 131 4
13 236 38
365 358 40
236 244 45
392 232 43
29 180 96
27 255 15
489 286 41
318 175 78
404 178 40
221 242 30
133 358 48
243 489 22
344 312 90
471 124 37
297 237 68
24 78 14
404 299 60
268 438 68
161 312 60
106 376 80
224 368 16
301 63 38
154 309 35
489 299 93
219 438 56
203 430 54
170 24 65
436 143 95
298 438 36
408 81 65
334 132 72
251 363 66
3 261 78
316 492 9
99 494 59
162 25 95
420 320 67
353 495 66
397 309 93
259 79 78
405 133 48
484 197 64
85 451 73
93 46 37
373 100 70
285 216 37
82 382 49
412 28 91
491 321 75
149 328 33
484 318 87
211 388 7
232 447 65
292 498 16
366 447 16
273 219 78
364 337 28
262 326 19
354 329 1
211 280 55
233 39 24
68 231 35
370 44 77
488 265 48
433 329 14
273 111 25
364 229 56
391 332 31
107 344 47
435 109 96
294 170 30
106 55 42
125 105 13
245 399 97
190 463 31
460 95 71
83 337 81
69 173 86
153 288 53
14 358 99
330 335 78
430 44 52
296 229 40
304 53 73
249 117 55
309 168 69
1 15 69
106 68 38
196 227 7
247 458 84
48 248 15
157 420 75
353 66 9
110 79 91
275 412 95
99 186 92
145 302 75
57 189 41
122 318 92
128 69 61
422 58 58
298 251 8
195 15 93
38 68 27
175 302 47
202 139 21
297 413 80
319 431 67
131 380 69
265 316 22
127 382 40
80 41 64
98 324 79
115 493 34
285 150 67
31 270 59
320 144 23
191 259 27
295 316 24
401 483 82
202 273 74
362 262 93
207 388 99
45 326 22
424 322 61
412 204 86
104 88 84
403 384 65
296 29 19
72 55 93
192 322 100
63 208 71
398 161 50
241 214 63
227 50 56
359 206 93
60 287 96
481 51 20
467 153 7
67 448 80
375 335 78
466 453 12
190 289 43
102 176 99
451 330 94
41 166 76
393 96 66
337 164 68
413 159 69
247 163 59
384 397 93
282 349 18
282 120 8
240 352 14
83 405 49
303 408 68
8 2 38
94 5 86
319 123 62
346 226 57
217 341 94
230 51 42
6 306 51
22 21 60
300 231 58
214 191 8
98 16 49
411 247 10
105 177 93
279 64 68
380 116 51
399 129 34
91 13 30
33 8 40
415 73 96
230 293 30
139 434 92
147 29 92
480 175 26
52 142 30
219 319 10
79 16 30
1 325 52
276 301 44
427 204 52
31 204 40
108 424 64
416 311 42
300 365 64
468 178 15
492 306 78
133 373 57
207 322 16
499 430 19
480 188 25
75 368 11
281 207 38
363 17 6
280 19 46
266 84 58
436 495 97
257 264 31
123 35 65
169 151 48
353 497 95
205 370 39
427 446 23
494 207 94
125 81 33
369 212 16
181 161 39
327 215 1
280 140 2
40 387 46
328 36 39
359 140 24
493 140 67
226 25 93
369 333 9
225 325 78
7 102 97
280 382 24
321 154 55
400 154 8
370 167 78
144 349 33
273 234 34
6 119 18
435 232 2
420 109 28
133 52 89
207 1 97
312 283 23
243 183 97
228 60 99
236 409 97
117 229 69
365 65 13
497 450 20
249 119 61
330 229 40
77 12 10
108 116 51
25 347 21
439 401 25
36 132 10
237 122 79
316 415 81
283 238 92
381 22 7
380 63 59
219 374 37
390 192 9
182 428 91
209 302 41
137 133 73
276 477 88
343 9 12
40 200 63
88 133 84
197 39 86
238 77 98
347 249 88
181 216 52
10 334 9
230 374 39
252 96 3
73 390 70
269 36 12
274 151 8
213 141 100
303 34 77
473 216 76
151 165 5
486 155 2
150 206 72
95 41 17
34 31 85
401 498 50
245 335 65
470 453 50
421 268 29
398 284 15
439 93 9
275 335 79
25 160 39
189 2 100
323 2 12
152 120 98
284 276 43
432 174 16
454 458 28
393 448 82
489 156 7
30 130 57
98 5 90
270 233 52
476 338 19
398 418 44
76 367 49
6 308 13
50 351 65
325 290 68
383 2 6
200 295 99
71 410 31
422 115 24
100 64 22
64 141 47
27 488 4
154 300 92
314 252 49
159 415 88
140 136 17
429 10 53
126 201 62
453 367 72
323 486 53
82 131 47
307 249 86
174 134 29
293 85 27
110 378 98
330 418 55
383 244 96
295 131 74
30 385 90
341 247 54
181 29 44
258 249 15
115 429 50
334 244 21
124 434 5
292 18 57
75 249 80
498 86 28
135 34 66
314 265 60
322 126 14
368 242 4
473 29 3
40 147 54
394 379 48
298 442 63
116 142 4
61 206 49
19 209 27
93 158 28
271 201 51
183 317 78
213 196 28
294 40 79
40 389 51
366 330 98
493 142 92
424 271 40
102 220 61
239 225 7
151 112 75
398 218 49
208 94 80
447 376 62
366 451 37
451 495 54
63 386 36
285 462 100
134 37 18
328 280 92
151 354 32
426 330 1
211 405 73
29 105 7
26 359 49
222 5 54
143 355 100
164 185 21
7 467 96
372 336 80
317 400 18
303 236 2
201 454 4
220 467 53
300 167 39
351 398 58
414 454 97
92 174 21
224 64 25
124 126 7
289 422 12
196 231 26
25 349 2
467 465 93
318 342 44
332 11 56
122 430 94
256 137 1
76 435 11
112 129 10
196 473 95
383 70 67
295 186 61
170 191 42
257 79 79
293 261 47
205 414 32
380 415 68
36 376 26
3 199 1
311 315 10
424 192 20
190 25 98
341 194 18
156 148 16
450 366 63
320 256 14
322 302 31
112 492 85
198 266 89
385 92 79
290 498 29
141 146 22
260 97 39
325 492 26
364 154 23
470 321 49
281 156 84
225 261 73
142 492 27
390 328 15
49 35 39
394 447 56
438 490 27
94 451 12
47 110 2
382 329 11
456 278 71
354 267 53
475 264 40
497 23 6
3 454 2
414 25 61
345 154 36
476 85 72
156 403 8
217 90 30
212 160 75
0 277 18
261 52 64
178 283 97
412 221 20
419 345 37
424 460 37
113 46 13
30 11 95
406 2 18
213 398 36
323 4 62
254 170 20
474 402 6
186 120 36
277 9 50
222 73 84
15 9 43
245 471 83
18 14 6
386 410 88
418 399 4
399 120 91
113 288 92
402 125 11
80 74 81
390 7 51
69 366 2
140 246 53
30 374 77
66 68 6
406 136 4
450 179 59
23 371 93
50 474 93
193 28 64
480 58 77
278 72 68
402 367 27
443 405 71
140 138 97
360 141 44
167 12 50
413 418 99
149 308 95
149 79 65
88 69 59
167 362 68
112 426 54
230 418 67
422 359 6
375 18 30
344 439 73
199 21 10
336 26 39
170 488 90
244 437 6
458 137 74
293 329 51
394 152 19
385 268 5
436 499 87
232 211 71
437 91 94
354 322 73
472 314 44
398 99 67
7 214 52
246 496 20
306 281 87
206 279 61
180 34 47
248 168 57
327 461 32
449 158 4
40 404 18
419 400 29
152 56 95
228 51 35
467 333 49
222 7 62
331 408 2
99 287 1
411 293 16
152 298 48
418 454 58
434 398 46
85 244 95
117 462 99
406 70 45
170 59 35
423 10 91
106 74 81
187 413 45
283 121 44
2 367 34
299 65 55
122 432 71
202 132 92
106 195 37
100 121 61
480 113 90
177 75 4
8 303 29
402 193 23
295 67 96
85 257 20
473 73 48
235 430 58
142 239 41
235 201 14
73 139 65
141 14 81
383 301 35
302 376 67
80 34 90
473 194 42
24 139 73
271 16 65
174 83 59
380 417 100
116 78 4
200 486 35
360 209 18
86 91 46
255 250 80
389 479 15
81 97 80
72 48 66
130 255 69
327 274 81
239 390 41
5 223 8
315 156 61
218 223 49
166 33 17
185 46 5
372 138 64
128 451 51
250 148 99
359 320 34
424 449 97
13 97 2
333 38 83
153 107 46
125 274 37
372 151 85
247 156 54
426 387 75
479 398 91
262 400 37
113 277 39
483 224 60
180 223 87
433 403 42
138 455 39
413 165 92
265 1 49
201 282 82
154 170 24
462 57 86
85 70 65
7 416 85
268 191 67
446 463 49
64 132 96
303 414 63
94 11 92
33 1 58
346 232 35
115 299 19
348 12 16
432 420 56
289 371 14
112 186 89
165 12 87
492 178 2
166 422 36
312 476 85
119 81 28
284 414 12
320 71 31
471 469 97
218 23 54
281 79 86
341 130 63
415 79 7
126 205 22
15 374 15
223 259 4
295 135 70
10 380 85
21 17 44
149 431 91
218 36 22
8 492 11
460 64 68
61 318 99
140 382 11
253 259 17
234 17 50
274 318 71
213 79 62
72 103 83
88 84 78
21 30 99
155 259 93
287 149 51
326 77 51
42 318 62
33 498 45
456 335 27
79 385 80
426 429 79
211 275 94
494 334 84
153 270 12
278 450 92
446 34 6
388 29 20
357 450 14
12 452 74
56 229 89
231 230 59
88 447 16
432 220 83
68 468 46
310 230 91
277 53 69
153 283 88
411 53 4
48 1 87
37 337 38
231 351 3
50 47 41
220 458 77
41 227 45
254 456 86
92 394 85
111 407 11
146 401 62
407 176 94
286 115 76
142 107 15
309 284 83
231 364 94
124 238 31
397 104 36
407 297 80
434 171 94
136 477 79
351 402 18
423 241 86
304 61 57
482 67 40
449 415 30
223 72 80
173 480 16
481 367 20
483 413 23
323 195 69
381 365 64
147 198 97
496 352 68
174 72 86
293 23 95
402 424 15
355 120 15
186 311 24
115 367 73
133 421 62
353 424 5
86 80 74
170 424 97
15 321 92
389 239 56
477 86 97
12 252 79
246 190 72
394 88 12
438 360 45
38 426 38
184 480 1
174 206 70
320 489 84
3 324 46
185 35 65
262 255 50
470 204 8
165 322 14
339 394 86
130 486 12
70 206 32
181 451 84
63 432 30
440 153 67
393 78 51
213 147 58
75 442 32
135 456 18
465 331 19
368 435 14
233 210 54
255 494 63
439 86 22
268 167 76
139 53 8
178 166 23
453 105 9
356 172 51
428 277 5
70 340 79
452 405 12
78 164 71
41 282 35
462 46 7
370 457 50
222 293 21
342 395 97
428 169 57
111 462 1
317 338 98
17 46 54
8 226 39
159 395 4
434 105 27
458 462 19
230 46 4
249 59 45
414 392 3
323 8 16
469 62 20
474 406 28
138 228 32
427 65 62
36 180 92
429 111 40
374 175 64
140 8 65
219 301 37
181 9 5
145 352 27
337 293 5
15 242 42
188 170 67
9 464 65
36 301 42
209 229 88
61 65 28
200 409 29
448 245 2
246 3 77
17 180 74
127 311 23
468 52 62
79 11 28
15 255 79
306 138 21
195 307 1
80 91 30
84 476 84
459 124 32
404 188 65
109 240 66
221 481 51
207 317 36
480 412 15
246 245 38
301 181 93
339 207 15
77 436 59
433 71 91
283 312 90
498 200 16
80 212 24
28 22 52
415 431 80
54 425 44
329 135 20
482 377 73
353 492 36
172 151 41
3 379 13
498 321 25
195 320 96
465 144 49
299 377 33
357 318 27
12 320 49
499 438 88
466 261 32
199 146 42
359 135 54
281 215 63
167 379 3
357 439 38
150 146 13
403 326 50
114 223 40
213 431 1
461 267 82
213 202 13
262 323 16
46 439 23
239 339 6
32 275 4
100 446 80
175 31 66
349 103 73
151 347 64
236 162 58
26 352 54
53 226 26
268 114 45
350 449 22
377 286 82
129 221 13
426 444 80
99 49 70
269 460 32
217 270 52
150 280 6
328 286 13
331 291 77
44 234 91
263 278 50
6 356 61
41 350 50
383 50 56
159 342 65
365 410 65
83 468 96
157 417 92
298 127 95
210 243 99
489 338 36
365 302 77
254 471 62
450 117 60
31 133 78
251 173 23
344 364 87
210 135 78
3 71 37
297 289 44
242 353 37
456 16 11
492 235 87
427 483 96
96 420 65
457 133 31
66 248 68
396 123 96
38 415 58
417 182 38
496 475 32
88 128 67
253 195 49
387 424 67
60 29 78
304 426 43
82 84 59
436 316 6
485 474 37
466 195 23
89 208 33
493 69 24
396 136 90
426 15 74
467 16 95
475 136 65
12 146 47
428 24 13
259 252 29
295 434 4
245 88 81
238 85 48
482 445 3
144 157 65
391 34 53
0 149 27
146 203 7
354 381 29
491
321
194
260
462
208
301
162
412
468
342
199
216
285
41
463
118
130
192
170
495
116
11
323
476
408
376
435
410
6
324
105
66
149
219
252
493
289
75
298
420
366
482
174
479
391
180
158
308
229
212
189
86
137
287
19
196
348
339
259
62
414
379
359
81
431
56
45
360
286
489
82
239
166
211
265
349
18
12
52
43
31
29
424
280
95
404
319
240
200
228
178
185
134
471
345
89
473
353
172
206
399
225
151
129
299
293
7
231
10
244
407
156
364
347
181
396
451
288
367
264
16
144
28
79
485
195
113
496
61
309
171
263
14
27
365
88
371
438
241
255
179
234
384
449
193
176
352
474
153
54
267
335
271
296
257
275
447
369
169
167
186
490
190
277
1
221
313
354
22
5
123
440
87
17
223
311
44
336
478
423
157
464
103
4
20
466
50
213
165
306
317
281
243
77
112
486
205
207
78
131
388
127
380
392
92
182
258
142
140
426
93
461
109
443
235
110
374
305
430
341
454
481
85
433
310
59
411
330
272
498
322
370
230
184
35
98
422
343
436
254
198
25
325
102
395
136
120
191
332
201
358
444
256
452
242
413
104
394
69
401
291
164
72
161
23
382
122
80
470
143
37
135
268
253
128
278
329
315
459
419
373
484
282
318
390
53
316
389
480
36
304
138
34
155
292
442
337
160
39
132
177
49
2
320
387
119
279
70
13
74
48
55
197
429
400
63
417
150
269
51
124
237
97
125
425
333
249
300
139
33
283
154
448
302
492
175
432
173
42
246
351
76
488
146
355
3
460
385
251
65
393
91
361
218
84
101
415
214
117
133
398
99
284
183
24
152
328
203
96
147
274
215
94
67
446
416
30
26
469
465
346
9
326
266
270
188
312
46
83
499
381
375
483
202
220
294
378
111
368
