20 135 7 10
4 9 20
17 3 8
8 9 13
19 9 86
9 8 64
10 6 58
19 18 22
8 18 87
11 14 11
0 14 77
13 8 50
18 1 57
13 17 29
1 15 5
6 11 80
18 10 58
7 19 33
19 2 71
12 18 6
9 1 76
17 14 70
2 4 46
1 8 47
16 6 7
7 3 38
1 17 24
18 12 62
3 8 86
17 7 76
19 4 63
5 14 23
11 9 66
1 19 32
7 14 6
3 1 69
17 0 6
3 10 18
17 9 43
15 2 49
10 15 39
18 7 73
16 19 79
5 0 51
17 2 20
12 15 44
11 4 86
10 8 78
15 4 80
6 1 22
16 3 39
10 17 40
13 16 50
18 9 19
12 8 58
3 5 80
5 2 88
9 0 15
3 14 3
12 17 28
5 11 67
13 0 73
8 13 14
1 7 64
18 2 70
1 16 43
13 18 90
11 18 59
2 15 39
6 15 46
9 2 54
4 15 41
8 6 42
13 2 49
7 4 85
18 4 84
4 8 29
19 8 32
2 1 70
16 0 32
0 13 12
12 5 43
14 2 83
6 19 69
3 2 16
12 14 84
4 19 69
19 1 59
2 3 6
10 16 49
11 15 26
6 3 80
12 7 27
14 4 86
4 3 60
17 6 15
8 3 19
8 12 47
10 9 1
1 6 90
0 8 65
11 8 60
16 4 26
10 18 8
11 17 89
6 5 28
12 0 84
18 13 70
14 6 19
4 5 58
8 5 88
19 5 17
9 4 52
11 1 89
8 14 50
10 11 52
19 14 44
0 10 24
2 7 80
11 10 77
2 16 16
18 6 41
7 6 19
12 2 24
18 15 69
12 11 1
4 16 88
10 4 2
0 3 34
5 17 20
9 15 45
15 3 60
13 15 76
6 9 82
16 11 80
18 8 7
18
1
19
2
11
15
17
4
3
16
