25 100
100 65 93 86 52 84 86 61 14 96 48 94 85 28 59 20 8 6 4 62 28 8 81 44 100
2 13
24 17
20 23
18 9
21 23
23 16
1 19
12 20
5 19
22 1
12 10
20 6
6 5
18 1
19 20
10 8
11 12
22 19
18 5
18 12
19 4
9 6
18 11
21 19
24 23
3 7
22 14
6 22
7 22
5 13
17 10
9 17
10 18
21 5
16 22
3 16
10 9
16 18
24 16
15 1
11 4
2 11
18 23
4 7
5 23
3 24
2 14
22 17
18 19
18 14
6 3
18 24
10 16
9 19
6 15
4 8
4 6
4 10
12 14
7 9
17 20
0 2
18 20
19 0
3 20
8 3
1 4
24 4
21 11
22 12
11 5
15 4
4 0
24 15
3 2
14 7
7 20
18 17
1 10
5 12
1 20
15 21
23 1
1 2
2 15
6 11
23 14
17 7
21 7
3 23
13 0
15 23
11 22
8 0
19 16
10 23
12 23
24 9
3 4
13 22
150
6 10 10
8 20 6
1 5 12
6 6 12
32 23 7
31 23 10
37 7 8
9 14 15
20 2 11
3 16 13
4 12 6
4 8 7
39 17 9
43 15 14
2 15 6
9 7 5
3 11 12
5 4 13
1 2 10
5 3 15
4 22 10
4 11 15
9 1 5
17 14 5
33 1 10
3 17 7
10 8 9
9 12 14
14 6 11
3 23 7
9 2 13
9 23 5
30 17 15
25 9 14
25 14 12
5 18 14
12 3 12
11 8 7
16 9 14
4 1 8
1 13 6
35 9 13
14 20 5
40 11 6
1 10 7
1 20 14
8 21 12
1 17 13
2 13 9
36 1 13
19 8 6
28 20 14
3 12 12
31 10 8
1 9 11
49 8 14
3 9 9
45 11 11
1 19 5
3 4 14
45 16 9
2 8 9
49 12 5
7 17 15
43 14 5
1 15 15
1 12 15
36 8 15
3 14 12
6 13 12
9 10 11
8 19 10
40 7 8
33 20 6
12 18 9
7 3 13
1 23 5
38 1 8
27 23 8
4 10 6
24 6 9
2 4 8
27 4 14
15 12 15
16 18 13
46 17 8
20 8 11
7 21 9
1 16 11
26 5 6
10 10 15
27 1 13
33 7 13
16 15 12
5 16 13
1 1 9
24 12 9
1 4 14
8 14 9
40 13 15
4 9 13
10 20 9
9 15 13
1 14 7
10 12 12
35 17 8
27 22 8
1 7 12
6 18 6
2 19 12
47 17 6
1 6 5
3 13 12
1 11 15
3 7 7
6 1 7
4 3 9
32 14 6
1 18 8
16 7 15
6 5 8
14 14 10
4 4 10
5 8 5
3 3 11
4 21 13
18 8 15
26 6 9
35 4 15
8 5 11
30 14 12
20 13 10
31 14 8
22 8 7
45 19 5
42 7 10
1 21 8
1 22 6
24 19 6
4 6 12
1 3 5
23 1 7
3 20 5
27 18 8
3 6 8
46 4 6
1 8 8
47 11 8
9 11 14
9 9 8
